loss   ; acc    ; f1     ; [ TP, FP, FN, TN  ]

RNN ; 150 ; 2 ; 0.25 ; False
0.49562 ; 0.76491 ; 0.77298 ; [ 318 126  79 349 ]

GRU ; 150 ; 2 ; 0.25 ; False
0.49927 ; 0.76261 ; 0.78141 ; [ 295 149  58 370 ]

LSTM ; 150 ; 2 ; 0.25 ; False
0.46862 ; 0.78784 ; 0.78055 ; [ 358  86  99 329 ]

GRU ; 50 ; 2 ; 0.25 ; False
0.48892 ; 0.77638 ; 0.78016 ; [ 331 113  82 346 ]

GRU ; 150 ; 2 ; 0.25 ; False
0.51507 ; 0.78211 ; 0.77327 ; [ 358  86 104 324 ]

GRU ; 300 ; 2 ; 0.25 ; False
0.50295 ; 0.76147 ; 0.78732 ; [ 279 165  43 385 ]

GRU ; 150 ; 1 ; 0.25 ; False
0.52199 ; 0.76261 ; 0.74222 ; [ 367  77 130 298 ]

GRU ; 150 ; 2 ; 0.25 ; False
0.48384 ; 0.77064 ; 0.78355 ; [ 310 134  66 362 ]

GRU ; 150 ; 3 ; 0.25 ; False
0.52624 ; 0.74427 ; 0.72503 ; [ 355  89 134 294 ]

GRU ; 150 ; 2 ; 0.0 ; False
0.49641 ; 0.78096 ; 0.76449 ; [ 371  73 118 310 ]

GRU ; 150 ; 2 ; 0.25 ; False
0.48911 ; 0.77867 ; 0.77584 ; [ 345  99  94 334 ]

GRU ; 150 ; 2 ; 0.5 ; False
0.49840 ; 0.76950 ; 0.75986 ; [ 353  91 110 318 ]

GRU ; 150 ; 2 ; 0.25 ; True
0.72520 ; 0.72362 ; 0.66850 ; [ 388  56 185 243 ]

GRU ; 150 ; 2 ; 0.25 ; False
0.52054 ; 0.75573 ; 0.74971 ; [ 340 104 109 319 ]

---- END